8
3
8
4
11
2
6
14
6
7
8
10
7
13
3
9
7
14
7
10
1
7
8
14
6
3
6
11
8
8
15
8
2
11
3
6
7
5
7
2
2
15
10
13
7
11
4
14
4
9
8
15
9
3
7
13
6
7
7
9
10
10
2
4
11
11
2
8
5
12
15
6
12
3
4
14
3
2
15
11
2
10
9
3
7
10
11
8
3
4
6
1
8
3
8
10
15
8
6
11
3
15
5
4
3
11
6
8
6
15
3
7
12
5
6
6
9
4
1
15
4
7
9
9
10
3
4
7
4
5
5
6
10
11
5
1
2
13
14
6
8
1
1
2
7
2
7
4
2
15
2
14
13
8
5
5
4
11
14
14
12
6
3
4
11
7
13
3
15
12
11
14
12
3
7
15
1
9
10
7
6
3
5
4
4
2
10
9
1
5
7
8
4
11
1
11
5
2
2
5
13
13
4
2
1
3
6
2
8
3
12
4
4
11
13
14
12
6
9
12
12
