10
13
11
6
11
5
10
8
2
12
4
13
7
9
7
8
1
7
9
1
11
10
1
9
10
1
15
4
15
3
12
13
2
12
10
4
11
10
9
15
12
12
9
6
4
11
15
3
9
14
11
4
3
1
14
10
7
13
14
4
8
1
8
4
3
2
13
3
12
10
2
8
2
15
12
8
10
14
7
7
7
9
7
15
10
13
14
10
9
3
3
6
12
6
2
11
5
6
11
10
13
4
7
1
2
13
3
10
11
1
11
6
13
7
6
5
12
4
15
12
13
2
5
11
7
10
1
4
13
7
11
7
8
15
13
12
1
7
6
8
15
15
6
12
11
14
10
7
7
15
13
13
11
15
13
7
15
7
13
9
12
9
10
5
2
10
2
12
15
13
8
10
12
15
5
12
6
11
13
7
9
11
8
4
15
8
10
5
7
5
7
3
15
11
8
6
15
8
12
2
15
9
15
14
8
10
3
4
10
10
9
1
3
10
4
7
14
12
8
4
3
