14
11
5
15
3
11
12
8
4
14
11
1
9
13
3
1
6
9
15
14
6
10
10
3
14
6
15
15
1
3
11
2
5
1
13
1
13
12
9
1
9
4
11
7
6
15
6
2
9
15
8
1
7
9
5
11
8
11
11
8
5
9
7
2
8
10
4
15
4
10
1
12
13
15
9
7
3
12
12
6
2
11
1
11
8
3
15
12
15
8
12
8
5
14
4
6
13
3
6
13
7
2
15
2
2
10
5
12
10
8
13
7
4
12
13
12
7
13
1
14
12
5
10
12
14
14
13
4
4
15
4
3
9
2
3
7
11
1
2
2
14
7
9
11
8
11
6
11
3
9
13
15
8
9
1
11
6
7
14
8
10
7
3
12
3
14
1
8
4
15
3
9
10
13
5
10
1
13
4
12
9
6
13
4
11
13
3
13
4
1
13
1
9
6
8
2
6
4
13
2
12
9
1
4
14
13
13
9
1
7
4
13
5
3
1
6
6
2
3
7
15
